DSJC500.5.col 48        347.477000      18000  
DSJC500.5.col 48        446.941000      18000  
DSJC500.5.col 48        556.325000      18000  
DSJC500.5.col 48        508.073000      18000  
DSJC500.5.col 48        279.042000      18000  
DSJC500.5.col 48        497.679000      18000  
DSJC500.5.col 48        405.010000      18000  
DSJC500.5.col 48        402.905000      18000  
DSJC500.5.col 48        196.967000      18000  
DSJC500.5.col 48        695.028000      18000  
DSJC500.5.col 48     	232.293000 		15000
DSJC500.5.col 48     	84.932000		15000
DSJC500.5.col 48        240.544000		15000
DSJC500.5.col 48        235.373000      15000  
DSJC500.5.col 48        273.702000      15000  
DSJC500.5.col 48        684.071000      15000  
DSJC500.5.col 48        406.615000      15000  
DSJC500.5.col 48        992.516000      15000  
DSJC500.5.col 48        313.823000      12000  
DSJC500.5.col 48        780.527000      12000  
DSJC500.5.col 48        97.238000       12000  
DSJC500.5.col 48        375.341000      12000  
DSJC500.5.col 48        4822.209000     12000  
DSJC500.5.col 48        546.820000      12000  
DSJC500.5.col 48        430.323000      12000  
DSJC500.5.col 48        247.618000      20000  
DSJC500.5.col 48        3755.484000     15000  
DSJC500.5.col 48        454.240000      15000  
DSJC500.5.col 48        743.384000      20000  
DSJC500.5.col 48        2314.707000     20000  
DSJC500.5.col 48        694.661000      20000  
DSJC500.5.col 48        435.044000      20000  
DSJC500.5.col 48        586.971000      20000  
DSJC500.5.col 48        577.600000      20000  
DSJC500.5.col 48        315.563000      20000  
DSJC500.5.col 48        470.240000      20000  
DSJC500.5.col 48        416.521000      20000  
DSJC500.5.col 48        1024.052000     20000  
DSJC500.5.col 48        616.687000      20000  
DSJC500.5.col 48        1050.482000     20000  
DSJC500.5.col 48        177.282000      20000  
DSJC500.5.col 48        365.129000      20000  
DSJC500.5.col 48        820.276000      30000  
DSJC500.5.col 48        392.030000      30000  
DSJC500.5.col 48        656.769000      30000  
DSJC500.5.col 48        3839.943000     30000  
DSJC500.5.col 48        594.693000      17000  
DSJC500.5.col 48        2343.641000     17000  
DSJC500.5.col 48        393.578000      17000  
DSJC500.5.col 48        674.964000      17000  
DSJC500.5.col 48        539.797000      17000  
DSJC500.5.col 48        813.181000      17000  
DSJC500.5.col 48        352.858000      17000  
DSJC500.5.col 48        457.714000      17000  
DSJC500.5.col 48        411.961000      17000  
DSJC500.5.col 48        1799.789000     17000  
DSJC500.5.col 48        686.828000      17000  
DSJC500.5.col 48        751.130000      17000 
DSJC1000.1.col 21        92.862000       16000  
DSJC500.5.col 48        316.689000      16000  
DSJC500.5.col 48        729.546000      16000  
DSJC500.5.col 48        1056.732000     16000  
DSJC500.5.col 48        225.017000      16000  
DSJC500.5.col 48        266.358000      16000  
DSJC500.5.col 48        193.946000      16000  
DSJC500.5.col 48        262.881000      16000  
DSJC500.5.col 48        458.206000      16000  
DSJC500.5.col 48        305.868000      16000  
DSJC500.5.col 48        194.272000      16000  
DSJC500.5.col 48        275.255000      16000  
DSJC500.5.col 48        458.516000      16000  
DSJC500.5.col 48        370.006000      16000  
DSJC500.5.col 48        136.684000      16000  
DSJC500.5.col 48        395.702000      16000  
DSJC500.5.col 48        324.948000      16000  
DSJC500.5.col 48        329.849000      16000  
DSJC500.5.col 48        252.508000      16000  
DSJC500.5.col 48        213.768000      16000  
DSJC500.5.col 48        226.475000      16000  
DSJC500.5.col 48        159.931000      16000  
DSJC500.5.col 48        90.812000       16000  
