DSJC125.1.col 5         834          0.000000   inf
DSJC250.1.col 8         31182        0.035000   890914.285714
DSJC250.5.col 28        674338       2.684000   251243.666170
DSJC250.9.col 72        710078       4.109000   172810.416160
DSJC500.1.col 12        15220261     25.163000  604866.709057
DSJC500.5.col 49        12213837     124.454000 98139.368763
DSJC125.1.col 5         14013        0.010000   1401300.000000
DSJC250.1.col 8         23163        0.024000   965125.000000
DSJC250.5.col 28        3622302      13.518000  267961.384820
DSJC250.9.col 72        113296       0.488000   232163.934426
DSJC500.1.col 12        67759754     79.811000  849002.693864
DSJC500.5.col 49        3130017      29.480000  106174.253731
DSJC125.1.col 5         9125         0.005000   1825000.000000
DSJC250.1.col 8         31295        0.033000   948333.333333
DSJC250.5.col 28        6103221      23.438000  260398.540831
DSJC250.9.col 72        698652       4.445000   157177.052868
DSJC500.1.col 12        23643318     38.989000  606409.961784
DSJC500.5.col 49        21851109     145.319000 150366.497155
DSJC125.1.col 5         1215         0.000000   inf
DSJC250.1.col 8         11105        0.010000   1110500.000000
DSJC250.5.col 28        460870       1.207000   381830.985915
DSJC250.9.col 72        317409       1.393000   227860.014358
DSJC500.1.col 12        35749532     39.330000  908963.437579
DSJC500.5.col 49        35670752     227.740000 156629.279002
DSJC125.1.col 5         2220         0.001000   2220000.000000
DSJC250.1.col 8         10509        0.010000   1050900.000000
DSJC250.5.col 28        6901816      19.172000  359994.575422
DSJC250.9.col 72        219685       0.959000   229077.163712
DSJC500.1.col 12        21102469     25.582000  824895.199750
DSJC500.5.col 49        61469147     395.574000 155392.283113
DSJC125.1.col 5         4464         0.002000   2232000.000000
DSJC250.1.col 8         35375        0.028000   1263392.857143
DSJC250.5.col 28        2394011      6.639000   360598.132249
DSJC250.9.col 72        338517       1.394000   242838.593974
DSJC500.1.col 12        23470749     27.194000  863085.570346
DSJC500.5.col 49        57122010     353.729000 161485.233046
DSJC125.1.col 5         1639         0.001000   1639000.000000
DSJC250.1.col 8         3785         0.005000   757000.000000
DSJC250.5.col 28        11895230     33.540000  354658.020274
DSJC250.9.col 72        506221       2.084000   242908.349328
DSJC500.1.col 12        159909299    213.156000 750198.441517
DSJC500.5.col 49        26258192     308.929000 84997.497807
DSJC125.1.col 5         2797         0.001000   2797000.000000
DSJC250.1.col 8         41486        0.035000   1185314.285714
DSJC250.5.col 28        4403865      12.341000  356848.310510
DSJC250.9.col 72        596186       2.613000   228161.500191
DSJC500.1.col 12        15810421     18.173000  869995.102625
DSJC500.5.col 49        37216031     231.697000 160623.706824
DSJC125.1.col 5         5934         0.003000   1978000.000000
DSJC250.1.col 8         49105        0.042000   1169166.666667
DSJC250.5.col 28        672384       1.875000   358604.800000
DSJC250.9.col 72        270733       1.156000   234198.096886
DSJC500.1.col 12        152867235    189.515000 806623.407118
DSJC500.5.col 49        14143328     116.635000 121261.439534
DSJC125.1.col 5         8906         0.005000   1781200.000000
DSJC250.1.col 8         12094        0.012000   1007833.333333
DSJC250.5.col 28        801922       2.315000   346402.591793
DSJC250.9.col 72        109828       0.470000   233676.595745
DSJC500.1.col 12        171475689    204.365000 839065.833191
DSJC500.5.col 49        17365653     123.097000 141072.918105
DSJC125.1.col 5         7492         0.003000   2497333.333333
DSJC250.1.col 8         23339        0.020000   1166950.000000
DSJC250.5.col 28        8702128      24.782000  351147.122912
DSJC250.9.col 72        54333        0.274000   198295.620438
DSJC500.1.col 12        50376745     61.695000  816545.019856
DSJC500.5.col 49        7500474      49.727000  150833.028335
DSJC125.1.col 5         4449         0.003000   1483000.000000
DSJC250.1.col 8         32101        0.026000   1234653.846154
DSJC250.5.col 28        7428109      21.450000  346298.787879
DSJC250.9.col 72        528220       2.326000   227093.723130
DSJC500.1.col 12        8159914      10.172000  802193.668895
DSJC125.1.col 5         5928         0.004000   1482000.000000
DSJC250.1.col 8         30909        0.025000   1236360.000000
DSJC250.5.col 28        3754419      10.681000  351504.447149
DSJC250.9.col 72        67184        0.317000   211936.908517
DSJC500.1.col 12        25447657     32.097000  792835.997134
DSJC125.1.col 5         9909         0.004000   2477250.000000
DSJC250.1.col 8         13229        0.013000   1017615.384615
DSJC250.5.col 28        9695141      26.659000  363672.343299
DSJC250.9.col 72        41147        0.184000   223625.000000
DSJC500.1.col 12        17450429     19.444000  897471.147912
DSJC500.5.col 49        44847033     287.125000 156193.410535
DSJC125.1.col 5         4315         0.002000   2157500.000000
DSJC250.1.col 8         7058         0.007000   1008285.714286
DSJC250.5.col 28        5426429      15.254000  355738.101482
DSJC250.9.col 72        355616       1.519000   234111.915734
DSJC500.1.col 12        24667796     29.976000  822918.201228
DSJC500.5.col 49        72790464     465.564000 156348.996056
DSJC125.1.col 5         5576         0.004000   1394000.000000
DSJC250.1.col 8         86877        0.074000   1174013.513514
DSJC250.5.col 28        9334837      25.935000  359932.022364
DSJC250.9.col 72        477318       1.995000   239257.142857
DSJC500.1.col 12        22897474     26.092000  877566.840411
DSJC500.5.col 49        139388921    899.526000 154958.190202
DSJC125.1.col 5         9221         0.006000   1536833.333333
DSJC250.1.col 8         20249        0.017000   1191117.647059
DSJC250.5.col 28        8908695      24.220000  367823.905863
DSJC250.9.col 72        186205       0.778000   239338.046272
DSJC500.1.col 12        115315088    135.090000 853616.759198
DSJC500.5.col 49        53902321     348.613000 154619.365887
DSJC125.1.col 5         6060         0.004000   1515000.000000
DSJC250.1.col 8         43431        0.035000   1240885.714286
DSJC250.5.col 28        1853202      5.095000   363729.538763
DSJC250.9.col 72        94413        0.384000   245867.187500
DSJC500.1.col 12        74017486     87.275000  848094.941278
DSJC500.5.col 49        105679983    680.189000 155368.556387
DSJC125.1.col 5         3694         0.002000   1847000.000000
DSJC250.1.col 8         14531        0.015000   968733.333333
DSJC250.5.col 28        3695007      10.249000  360523.660845
DSJC250.9.col 72        235422       0.994000   236843.058350
DSJC500.1.col 12        46173968     54.409000  848645.775515
DSJC500.5.col 49        106611566    748.053000 142518.733298
DSJC125.1.col 5         9792         0.005000   1958400.000000
DSJC250.1.col 8         17073        0.020000   853650.000000
DSJC250.5.col 28        1849113      6.612000   279660.163339
DSJC250.9.col 72        127298       1.149000   110790.252393
DSJC500.1.col 12        85204537     136.975000 622044.438766
DSJC500.5.col 49        2360811      23.890000  98820.050230
DSJC500.5.col 49        15398209     145.807000 105606.788426
DSJC500.5.col 49        3685374      39.639000  92973.435253
